otime,open,high,low,close,volume,ctime,quote,trades,TB Base Volume,TB Quote Volume,ignore
1609459200000,0.02125400,0.02194000,0.01974500,0.02073900,436122427.00000000,1609545599999,9112974.55738500,45269,227961056.00000000,4762783.83741600,0
1609545600000,0.02072400,0.02077200,0.01876100,0.01925600,476573389.00000000,1609631999999,9369405.74609300,43856,223154104.00000000,4388529.62345600,0
1609632000000,0.01931100,0.02117500,0.01817200,0.01951800,788179081.00000000,1609718399999,15283708.35877700,62367,374280446.00000000,7254767.74696500,0
1609718400000,0.01961700,0.02089000,0.01695800,0.01887100,497715412.00000000,1609804799999,9461658.85975900,46816,239848392.00000000,4560016.02172500,0
1609804800000,0.01888800,0.02139700,0.01840500,0.02007400,519796414.00000000,1609891199999,10316272.12764000,53258,278759291.00000000,5532116.67715000,0
1609891200000,0.02003000,0.02279100,0.01953000,0.02112200,579908555.00000000,1609977599999,12178714.54480400,56337,296860567.00000000,6237309.58279100,0
1609977600000,0.02112300,0.02159400,0.01876900,0.01987700,424316694.00000000,1610063999999,8688023.94844800,41712,216130018.00000000,4426506.84331400,0
1610064000000,0.01992500,0.02016900,0.01750000,0.01926100,349517816.00000000,1610150399999,6693500.40404000,32473,168265783.00000000,3228178.42897600,0
1610150400000,0.01931200,0.02096900,0.01866800,0.02011300,279825403.00000000,1610236799999,5538986.29232700,30443,138790379.00000000,2751448.78455300,0
1610236800000,0.02011900,0.02113500,0.01789400,0.01928600,343142523.00000000,1610323199999,6769773.44528500,32733,178975779.00000000,3534991.20578600,0
1610323200000,0.01928600,0.01937700,0.01540300,0.01768000,346004137.00000000,1610409599999,6004944.22837900,32548,163134482.00000000,2825954.01461600,0
1610409600000,0.01770200,0.01860000,0.01660100,0.01745300,184446606.00000000,1610495999999,3255831.38580400,20283,88283211.00000000,1558849.71508000,0
1610496000000,0.01738700,0.02100000,0.01684000,0.02033400,292631500.00000000,1610582399999,5633442.21555600,28195,151879359.00000000,2925113.32290100,0
1610582400000,0.02032200,0.02179900,0.01850500,0.01968500,731854877.00000000,1610668799999,14664348.69322500,73530,378200970.00000000,7609787.70326200,0
1610668800000,0.01971700,0.02016500,0.01790400,0.01915400,255609863.00000000,1610755199999,4920769.97944100,25477,121754284.00000000,2344400.81420000,0
1610755200000,0.01915400,0.02036500,0.01902100,0.01973900,304116781.00000000,1610841599999,6012136.98706500,30744,165151752.00000000,3267411.21678000,0
1610841600000,0.01974800,0.02010000,0.01829300,0.01952700,210038966.00000000,1610927999999,4024822.32610100,21631,109472581.00000000,2102451.83330800,0
1610928000000,0.01955700,0.02124500,0.01889100,0.02053300,416138109.00000000,1611014399999,8477911.30264100,37144,220724595.00000000,4502940.15590400,0
1611014400000,0.02055800,0.02340000,0.02014300,0.02265500,655752085.00000000,1611100799999,14210618.22188000,69475,347386160.00000000,7522714.37127700,0
1611100800000,0.02262600,0.02389200,0.02046800,0.02243400,492602483.00000000,1611187199999,10805577.38363500,54159,242360151.00000000,5328401.27348800,0
1611187200000,0.02243400,0.02267300,0.01860000,0.01885300,389245472.00000000,1611273599999,8036507.89993500,44957,186974214.00000000,3859339.71526700,0
1611273600000,0.01887600,0.02042100,0.01702300,0.01973300,332006109.00000000,1611359999999,6343106.35062800,38944,159944857.00000000,3060803.57308800,0
1611360000000,0.01973300,0.02061000,0.01920800,0.01979600,229543116.00000000,1611446399999,4559766.50792200,27889,117605083.00000000,2338042.67309100,0
1611446400000,0.01975200,0.02039800,0.01920800,0.01989200,160416209.00000000,1611532799999,3196959.16026500,21130,81224661.00000000,1620087.32026600,0
1611532800000,0.01989200,0.02113400,0.01866200,0.01881400,266710627.00000000,1611619199999,5344007.76073900,31880,124955026.00000000,2515195.45413600,0
1611619200000,0.01880700,0.02065100,0.01830000,0.02065100,325541781.00000000,1611705599999,6394162.22593400,33526,149309585.00000000,2936851.88314400,0
1611705600000,0.02065100,0.02093900,0.01855500,0.01895800,299162781.00000000,1611791999999,5889119.18032100,35918,144567145.00000000,2848898.13795200,0
1611792000000,0.01895800,0.02055000,0.01853100,0.02009200,277842079.00000000,1611878399999,5515616.73194700,32019,136172119.00000000,2705895.34957300,0
1611878400000,0.02009100,0.02088000,0.01948000,0.01994400,416718269.00000000,1611964799999,8385013.16890700,44902,196938580.00000000,3968252.89236700,0
1611964800000,0.01994800,0.02314200,0.01942900,0.02124800,572021641.00000000,1612051199999,12166346.76000900,54672,294250712.00000000,6264723.01288300,0
1612051200000,0.02126300,0.02244700,0.02020100,0.02161100,438264158.00000000,1612137599999,9405549.56856600,50035,216698067.00000000,4655021.11710700,0
1612137600000,0.02161200,0.02356800,0.02085200,0.02240200,786624404.00000000,1612223999999,17735797.07299000,80622,419094843.00000000,9466068.55115700,0
1612224000000,0.02240000,0.02345600,0.02192500,0.02263600,345614889.00000000,1612310399999,7858711.48559600,40449,171829484.00000000,3908704.11699100,0
1612310400000,0.02263200,0.02500000,0.02246000,0.02406300,429400980.00000000,1612396799999,10051262.84352700,48093,222792898.00000000,5219796.70502700,0
1612396800000,0.02406300,0.02465200,0.02160100,0.02316500,623307682.00000000,1612483199999,14546116.44719000,68933,301114028.00000000,7039102.75662800,0
1612483200000,0.02319900,0.02581400,0.02300200,0.02553200,462815184.00000000,1612569599999,11345506.90820300,58463,237719296.00000000,5830308.76363800,0
1612569600000,0.02553100,0.02595000,0.02187700,0.02361000,477825183.00000000,1612655999999,11430617.82208200,59059,227187105.00000000,5447329.84986000,0
1612656000000,0.02361000,0.02409300,0.02139200,0.02291900,349519695.00000000,1612742399999,7990784.64214500,47453,164732412.00000000,3765739.13806600,0
1612742400000,0.02291800,0.02478000,0.02173200,0.02439000,578061793.00000000,1612828799999,13592070.33975000,58968,281025557.00000000,6613200.27969500,0
1612828800000,0.02440000,0.02789100,0.02416200,0.02678400,670928631.00000000,1612915199999,17636892.68508400,77137,339253734.00000000,8923058.93638100,0
1612915200000,0.02679500,0.03104900,0.02424600,0.02934100,1342243461.00000000,1613001599999,37961883.61640500,141912,694824167.00000000,19688867.09028600,0
1613001600000,0.02939000,0.03274700,0.02825600,0.03056600,1023458477.00000000,1613087999999,31430719.66057900,107442,524223606.00000000,16102472.85049600,0
1613088000000,0.03056100,0.03775000,0.02959500,0.03579000,1470295384.00000000,1613174399999,49845209.66651200,142067,753786415.00000000,25570235.00940800,0
1613174400000,0.03589900,0.03789900,0.03264200,0.03665600,861466338.00000000,1613260799999,30656756.54109900,112311,432542730.00000000,15412798.21480400,0
1613260800000,0.03671900,0.03858200,0.03329000,0.03463500,514517258.00000000,1613347199999,18432810.71654500,79141,264946947.00000000,9498124.90857800,0
1613347200000,0.03465800,0.03859000,0.02716600,0.03443700,1053874273.00000000,1613433599999,36319026.21264000,151311,522255390.00000000,18069002.39768500,0
1613433600000,0.03449200,0.03752500,0.03267500,0.03480400,595406370.00000000,1613519999999,20974569.84028500,84511,286798903.00000000,10100588.65287100,0
1613520000000,0.03489800,0.03930000,0.03301000,0.03634800,791719888.00000000,1613606399999,28680571.49434000,103087,397350040.00000000,14400372.48836100,0
1613606400000,0.03639200,0.03990000,0.03557000,0.03969700,602899295.00000000,1613692799999,22968368.73739100,82540,309345709.00000000,11792443.55190300,0
1613692800000,0.03969800,0.06999000,0.03969800,0.05339100,3552172487.00000000,1613779199999,201613915.27395700,458638,1821603907.00000000,103414809.56115000,0
1613779200000,0.05332900,0.05667500,0.04704100,0.05046200,848331972.00000000,1613865599999,44715161.01595400,139341,419063156.00000000,22110938.09753900,0
1613865600000,0.05046200,0.05730000,0.04935000,0.05356200,670950955.00000000,1613951999999,35989761.54179700,102211,340207723.00000000,18248525.75946500,0
1613952000000,0.05370700,0.05590000,0.03920000,0.04779800,693879525.00000000,1614038399999,33492433.39107000,98264,322318848.00000000,15575142.79290400,0
1614038400000,0.04779900,0.04922000,0.03246800,0.04226100,823527618.00000000,1614124799999,33145680.08308700,101152,408567556.00000000,16460598.68858600,0
1614124800000,0.04225800,0.05756900,0.03871500,0.05087800,1849320270.00000000,1614211199999,93678851.74619200,239443,928482909.00000000,47121223.34495400,0
1614211200000,0.05087800,0.06200000,0.04925100,0.04998900,1532306754.00000000,1614297599999,84989704.02905100,199986,768799222.00000000,42677252.67513700,0
1614297600000,0.04998900,0.05450000,0.04651200,0.05049900,763234611.00000000,1614383999999,38923548.59138500,110345,389734112.00000000,19887241.27484000,0
1614384000000,0.05049500,0.06079500,0.05001400,0.05286500,747825226.00000000,1614470399999,40332250.04929300,108838,383631843.00000000,20691271.32364100,0
1614470400000,0.05277800,0.05398400,0.04655700,0.05073700,569840045.00000000,1614556799999,28370968.82265300,83300,284591875.00000000,14177805.50610700,0
1614556800000,0.05073500,0.05640000,0.04985400,0.05637800,532918658.00000000,1614643199999,28660923.56135800,83537,277864652.00000000,14949137.48477400,0
1614643200000,0.05630500,0.06960000,0.05341400,0.06498000,1730263934.00000000,1614729599999,109320719.43644800,279839,886276702.00000000,55989412.85640700,0
1614729600000,0.06486000,0.09300000,0.06377100,0.08526000,2760259821.00000000,1614815999999,214837030.87055900,451286,1367949311.00000000,106175259.67529900,0
1614816000000,0.08537600,0.15500400,0.08174100,0.11825000,6089383545.00000000,1614902399999,719614047.03950600,1169226,3042409546.00000000,359862490.33205200,0
1614902400000,0.11824900,0.13920000,0.10718100,0.11058800,2805032794.00000000,1614988799999,334055442.44433300,580809,1388998181.00000000,165630640.81353300,0
1614988800000,0.11057700,0.11863500,0.10040500,0.11302000,1579349524.00000000,1615075199999,172576765.59568200,335235,784269810.00000000,85784913.14032400,0
1615075200000,0.11295800,0.14273200,0.11290000,0.12826000,2395192461.00000000,1615161599999,313629994.81900700,547125,1204804576.00000000,157727533.44749600,0
1615161600000,0.12835700,0.24400000,0.12817000,0.21924200,5489544243.00000000,1615247999999,1011667226.89575100,1361817,2793133010.00000000,513973149.16288700,0
1615248000000,0.21895700,0.31700000,0.21895700,0.26696700,5536031488.00000000,1615334399999,1496842892.44480200,2028143,2797798751.00000000,756170165.45047600,0
1615334400000,0.26672000,0.28000000,0.23500000,0.24861400,2071644281.00000000,1615420799999,527884039.75627000,847492,1023710004.00000000,261097625.36804300,0
1615420800000,0.24878500,0.43000000,0.24510000,0.35769000,3202256719.00000000,1615507199999,1034451891.87933060,1483094,1651614510.50000000,533185283.47600950,0
1615507200000,0.35769000,0.94490000,0.35534000,0.72771000,5376186539.70000000,1615593599999,2983336703.00323000,3660771,2777114832.00000000,1542164858.17216900,0
1615593600000,0.72771000,0.88888000,0.58118000,0.60129000,3438397729.20000000,1615679999999,2552889947.21945800,3229299,1709797829.00000000,1272131946.73867100,0
1615680000000,0.60129000,0.75990000,0.56700000,0.65265000,2110090949.50000000,1615766399999,1386210731.61284200,1879675,1056506924.40000000,695314175.28157800,0
1615766400000,0.65329000,0.68688000,0.58580000,0.60556000,1235015431.80000000,1615852799999,775327781.73432000,1068604,613373142.40000000,385279333.93269900,0
1615852800000,0.60562000,0.61430000,0.47144000,0.52002000,1589859195.10000000,1615939199999,861917632.89004700,1276167,779011145.60000000,422614421.85980300,0
1615939200000,0.52035000,0.61610000,0.47900000,0.58013000,1700501764.20000000,1616025599999,942260956.49772700,1257866,859490207.30000000,476892925.28231400,0
1616025600000,0.57991000,0.67235000,0.56400000,0.63724000,1317234547.80000000,1616111999999,817733083.33074400,1140722,656172948.00000000,407520995.81749600,0
1616112000000,0.63773000,0.71400000,0.58536000,0.60425000,1377243312.50000000,1616198399999,889131642.05290900,1194484,684753428.80000000,442769737.62624700,0
1616198400000,0.60425000,0.61719000,0.53416000,0.54494000,722436346.00000000,1616284799999,418624922.73604400,669511,354106115.10000000,205328083.51197300,0
1616284800000,0.54488000,0.59900000,0.53180000,0.55498000,694155847.30000000,1616371199999,391367087.05233200,610446,342914660.10000000,193418062.85937200,0
1616371200000,0.55478000,0.56497000,0.49390000,0.50793000,489412351.10000000,1616457599999,262178348.74807200,471878,235425767.40000000,126270127.80214200,0
1616457600000,0.50827000,0.53767000,0.47400000,0.50799000,589720344.90000000,1616543999999,300808254.80548300,513232,293808692.50000000,149975858.42971100,0
1616544000000,0.50720000,0.56106000,0.45000000,0.48221000,775405880.20000000,1616630399999,405225982.18412100,616215,380389055.00000000,199138874.38204800,0
1616630400000,0.48268000,0.50289000,0.45413000,0.48285000,509392872.10000000,1616716799999,245659131.43433300,402423,253767327.10000000,122435151.93694000,0
1616716800000,0.48278000,0.53332000,0.48012000,0.51554000,644968630.90000000,1616803199999,329653884.56411800,476088,303419345.60000000,155100804.37260700,0
1616803200000,0.51585000,0.54750000,0.49023000,0.52299000,539200512.80000000,1616889599999,276837179.72589500,450107,269571944.70000000,138463831.16626000,0
1616889600000,0.52299000,0.55849000,0.51090000,0.54015000,601432273.50000000,1616975999999,319656067.64962300,513203,301492986.60000000,160339886.11575500,0
1616976000000,0.54012000,0.54362000,0.51700000,0.52969000,352344813.80000000,1617062399999,186712346.21744400,317789,172524195.20000000,91422793.86136200,0
1617062400000,0.53000000,0.54257000,0.51700000,0.52570000,438569249.50000000,1617148799999,230660354.95384800,371905,220292428.90000000,115893578.51237000,0
1617148800000,0.52567000,0.52900000,0.46530000,0.50034000,476097453.60000000,1617235199999,239573127.72805300,444883,231126820.70000000,116348578.05283700,0
1617235200000,0.50034000,0.50666000,0.47966000,0.48851000,272998615.40000000,1617321599999,134973853.45497500,249888,138733531.60000000,68614314.48430900,0
1617321600000,0.48851000,0.52300000,0.48300000,0.49282000,402614208.20000000,1617407999999,200809986.57572200,352419,200844933.10000000,100195519.61768100,0
1617408000000,0.49282000,0.50740000,0.41568000,0.45336000,498253770.90000000,1617494399999,236966429.88782500,460982,243917654.50000000,116077882.42851400,0
1617494400000,0.45337000,0.54999000,0.44284000,0.48715000,923215010.80000000,1617580799999,456570205.27085100,719336,470632149.80000000,232858023.69409600,0
1617580800000,0.48715000,0.49803000,0.45573000,0.46000000,467877333.00000000,1617667199999,220218943.56777800,421478,227758565.60000000,107217911.94555000,0
1617667200000,0.45999000,0.47000000,0.42395000,0.44653000,417783786.30000000,1617753599999,186989730.01217300,365352,203958460.10000000,91322596.82196100,0
1617753600000,0.44652000,0.49481000,0.36638000,0.45156000,1215182935.80000000,1617839999999,529544695.84330100,904001,609622328.70000000,266022436.10704300,0
1617840000000,0.45203000,0.53200000,0.43649000,0.48871000,1223925490.80000000,1617926399999,591711011.65043000,934692,619488104.80000000,299638944.53066000,0
1617926400000,0.48871000,0.50787000,0.46910000,0.48277000,473966556.00000000,1618012799999,229511636.30422600,380431,241388345.10000000,116924460.45251700,0
1618012800000,0.48278000,0.48300000,0.44444000,0.46167000,289480650.50000000,1618099199999,134895246.42231800,240431,142573311.40000000,66447196.51691200,0
1618099200000,0.46143000,0.48200000,0.43667000,0.46479000,374184142.90000000,1618185599999,173053394.87863200,327114,185541251.80000000,85868109.62674200,0
1618185600000,0.46466000,0.58852000,0.45720000,0.56820000,1268826676.70000000,1618271999999,653034340.47108400,1006455,654621591.30000000,337265844.15626900,0
1618272000000,0.56786000,0.57500000,0.50066000,0.51844000,1020822553.70000000,1618358399999,542982835.13201700,887011,505500971.20000000,268820196.27984700,0
1618358400000,0.51843000,0.52800000,0.47500000,0.50256000,686868012.40000000,1618444799999,341102070.38525200,603729,333940192.30000000,165886651.28530000,0
1618444800000,0.50213000,0.57659000,0.49600000,0.53371000,1014167787.90000000,1618531199999,548054445.53292700,888208,514163074.30000000,278012582.09770300,0
1618531200000,0.53392000,0.84000000,0.50888000,0.77000000,3428896456.50000000,1618617599999,2322740780.18580800,3158364,1746039598.10000000,1182760145.47758300,0
1618617600000,0.76856000,0.79200000,0.59583000,0.61854000,1582974071.80000000,1618703999999,1031244827.10001200,1343542,776099142.30000000,504753751.00996500,0
1618704000000,0.61855000,0.66327000,0.43599000,0.54981000,1224233042.90000000,1618790399999,665480037.01093800,1053805,589192343.60000000,320297202.03258900,0
1618790400000,0.54978000,0.58669000,0.48110000,0.50620000,787176635.50000000,1618876799999,420286082.56311900,635772,393786989.00000000,210400788.29682000,0
1618876800000,0.50626000,0.53759000,0.45010000,0.51207000,817290024.10000000,1618963199999,408749738.48100000,618322,406594684.90000000,203629803.86394000,0
1618963200000,0.51219000,0.58471000,0.50201000,0.52203000,1263242488.30000000,1619049599999,689907021.84440200,965823,633149899.30000000,345994224.49799800,0
1619049600000,0.52163000,0.54184000,0.44153000,0.46508000,955211828.30000000,1619135999999,480340018.77155900,701212,469594005.60000000,236473803.99103800,0
1619136000000,0.46535000,0.47500000,0.32100000,0.43057000,1483299444.20000000,1619222399999,587070909.64403000,979472,735888471.10000000,291146431.20065000,0
1619222400000,0.43082000,0.44000000,0.38406000,0.38807000,693547923.70000000,1619308799999,284653833.56411900,450841,351436480.20000000,144356749.68859200,0
1619308800000,0.38823000,0.43149000,0.35600000,0.39288000,551159063.60000000,1619395199999,219970970.13513800,359355,271141395.40000000,108394885.91323900,0
1619395200000,0.39300000,0.47860000,0.38689000,0.45661000,855933370.90000000,1619481599999,378104104.42098700,616203,431832219.90000000,190594478.94046900,0
1619481600000,0.45661000,0.53800000,0.44282000,0.51760000,842340137.40000000,1619567999999,424820267.25234600,671100,432971117.40000000,218202322.26707200,0
1619568000000,0.51745000,0.56600000,0.47340000,0.53573000,892581575.30000000,1619654399999,466505299.09462400,742115,446074065.80000000,233386964.69893500,0
1619654400000,0.53595000,0.61674000,0.51298000,0.56322000,1279852449.30000000,1619740799999,731327391.58021500,1066111,640185242.50000000,365688775.45099900,0
1619740800000,0.56320000,0.57698000,0.53851000,0.57029000,570867571.40000000,1619827199999,318221010.12643700,489210,283940065.90000000,158318565.96007200,0
1619827200000,0.57027000,0.57050000,0.54060000,0.55344000,369728999.60000000,1619913599999,204362321.19932100,327322,180939335.20000000,100012431.57562700,0
1619913600000,0.55357000,0.55577000,0.51000000,0.53170000,348894632.40000000,1619999999999,185830391.54581100,315227,170145817.40000000,90629552.75585900,0
1620000000000,0.53174000,0.55000000,0.51931000,0.52454000,338849209.50000000,1620086399999,181627259.39861000,321491,166450478.00000000,89228744.70901100,0
1620086400000,0.52450000,0.55869000,0.47244000,0.48663000,785176560.40000000,1620172799999,399020118.00796300,694743,389163406.20000000,198072880.01892900,0
1620172800000,0.48658000,0.52500000,0.48011000,0.51897000,508030875.60000000,1620259199999,257989817.61840900,401115,257991714.40000000,131032511.45963400,0
1620259200000,0.51896000,0.53450000,0.49000000,0.50435000,512190817.10000000,1620345599999,262535785.44770200,450101,255358849.30000000,130933291.05434400,0
1620345600000,0.50435000,0.52806000,0.49230000,0.50520000,438038819.50000000,1620431999999,223668253.94150700,403767,219809674.30000000,112309643.99669800,0
1620432000000,0.50524000,0.51600000,0.49220000,0.49701000,264694080.50000000,1620518399999,133506595.22934900,234703,129148779.30000000,65166412.14887800,0
1620518400000,0.49697000,0.49967000,0.45583000,0.48549000,356980703.50000000,1620604799999,171327825.99009200,326954,178551381.30000000,85678466.94721400,0
1620604800000,0.48535000,0.50564000,0.39450000,0.43474000,449455706.40000000,1620691199999,207827897.80266900,417324,224397625.70000000,104037904.82375300,0
1620691200000,0.43481000,0.46100000,0.42493000,0.45900000,300090748.90000000,1620777599999,133198161.04682300,242551,157451067.90000000,69872770.98912300,0
1620777600000,0.45900000,0.48189000,0.38255000,0.40002000,399598422.10000000,1620863999999,177804203.47903900,356881,200360576.80000000,89357214.37371200,0
1620864000000,0.39962000,0.46276000,0.36481000,0.42820000,740074065.70000000,1620950399999,313421206.16807500,572407,369867532.70000000,156722546.88233200,0
1620950400000,0.42792000,0.44718000,0.41668000,0.43570000,265650521.60000000,1621036799999,115020085.82770400,228710,135933501.30000000,58879604.71836700,0
1621036800000,0.43555000,0.52450000,0.42107000,0.43341000,1146012002.70000000,1621123199999,543448051.20543600,901081,568992260.10000000,269956201.81360200,0
1621123200000,0.43340000,0.48666000,0.41358000,0.43552000,562427060.70000000,1621209599999,253301365.98497300,424600,276872669.90000000,124756573.97688500,0
1621209600000,0.43583000,0.43587000,0.38010000,0.40538000,369254389.60000000,1621295999999,151863449.06107100,265181,178397453.20000000,73345099.43232900,0
1621296000000,0.40606000,0.45499000,0.39925000,0.41872000,376392540.50000000,1621382399999,159636976.38127500,279946,192966998.30000000,81755576.17510700,0
1621382400000,0.41905000,0.42900000,0.18209000,0.26255000,831517875.10000000,1621468799999,259088402.75217300,560097,403982445.40000000,125827398.84874400,0
1621468800000,0.26153000,0.35000000,0.23200000,0.30855000,622429269.60000000,1621555199999,187448822.08622300,490013,323400425.10000000,97555377.49800200,0
1621555200000,0.30824000,0.33799000,0.23399000,0.27952000,592784269.40000000,1621641599999,172817648.03085500,389066,302417457.00000000,88220251.67894000,0
1621641600000,0.27982000,0.28665000,0.23857000,0.25296000,414799675.90000000,1621727999999,106791806.37772300,262912,215872443.10000000,55568514.01392600,0
1621728000000,0.25317000,0.26200000,0.16408000,0.21349000,622555774.30000000,1621814399999,130228766.65761600,353656,316382121.00000000,66200003.36951100,0
1621814400000,0.21330000,0.26464000,0.20500000,0.26442000,583135261.10000000,1621900799999,136664251.69149600,375310,300016538.50000000,70342605.44421400,0
1621900800000,0.26463000,0.27496000,0.23020000,0.25774000,478382810.60000000,1621987199999,120563452.86580100,307329,251365191.50000000,63257893.12332300,0
1621987200000,0.25799000,0.33769000,0.25043000,0.33526000,657241012.80000000,1622073599999,189255502.64111200,410300,334667760.00000000,96448262.33192400,0
1622073600000,0.33539000,0.33593000,0.28766000,0.30084000,561750963.80000000,1622159999999,174398841.87787200,409823,283669187.30000000,88102192.98796300,0
1622160000000,0.30072000,0.32450000,0.26790000,0.28704000,715187249.50000000,1622246399999,212090974.94865000,514176,353413257.20000000,104835498.27913900,0
1622246400000,0.28710000,0.29452000,0.25528000,0.27093000,345882944.40000000,1622332799999,94888552.55457600,243362,173741516.90000000,47681270.18549900,0
1622332800000,0.27116000,0.28521000,0.24828000,0.26967000,308569051.40000000,1622419199999,83141867.87952800,201388,156091214.20000000,42015067.16896900,0
1622419200000,0.26947000,0.28352000,0.25234000,0.28159000,241650940.50000000,1622505599999,65422925.97071100,152047,122205917.60000000,33045359.94600600,0
1622505600000,0.28179000,0.28731000,0.26663000,0.27209000,204714334.70000000,1622591999999,56282393.96697300,142954,104528998.60000000,28730374.59147200,0
1622592000000,0.27207000,0.28220000,0.26584000,0.27740000,202445068.00000000,1622678399999,55817422.50898100,137809,98565591.90000000,27177733.48691900,0
1622678400000,0.27741000,0.30608000,0.27421000,0.29505000,306877040.20000000,1622764799999,88861367.70703000,197446,156575865.70000000,45371871.72025400,0
1622764800000,0.29489000,0.30133000,0.25412000,0.26967000,290998457.80000000,1622851199999,79172541.04368400,185597,140492672.90000000,38180823.82620400,0
1622851200000,0.26961000,0.28311000,0.25200000,0.26076000,181680490.40000000,1622937599999,48562414.04243800,106445,91923847.50000000,24554247.91729300,0
1622937600000,0.26077000,0.26942000,0.25986000,0.26692000,91093067.30000000,1623023999999,24138231.81191800,55241,46723268.70000000,12381598.33522100,0
1623024000000,0.26692000,0.27500000,0.23743000,0.24105000,152391980.80000000,1623110399999,39975358.36834300,104186,74853225.50000000,19638239.85704800,0
1623110400000,0.24115000,0.24608000,0.20500000,0.23278000,301930685.30000000,1623196799999,68711263.62130400,169500,157187616.30000000,35760126.36465600,0
1623196800000,0.23277000,0.24386000,0.21656000,0.24169000,233444794.10000000,1623283199999,54469076.01533300,122397,116257299.10000000,27127989.47603200,0
1623283200000,0.24170000,0.28077000,0.22928000,0.27717000,617298092.70000000,1623369599999,159906167.64332400,356310,318628171.50000000,82537978.62530300,0
1623369600000,0.27700000,0.35705000,0.26007000,0.29568000,2499590437.70000000,1623455999999,801686802.57918200,1618020,1274291007.40000000,408717405.25339100,0
1623456000000,0.29574000,0.32274000,0.27243000,0.27383000,979468353.40000000,1623542399999,288312334.98032700,558970,502561067.60000000,148082743.05840000,0
1623542400000,0.27383000,0.28888000,0.26275000,0.28575000,402330136.70000000,1623628799999,110488704.47617500,261916,196978900.00000000,54121832.15370200,0
1623628800000,0.28575000,0.29857000,0.27196000,0.28040000,343352078.30000000,1623715199999,97791409.62351900,233776,169524983.00000000,48297919.99006600,0
1623715200000,0.28049000,0.34099000,0.27686000,0.32852000,926532050.20000000,1623801599999,289471506.15937500,536164,471410463.60000000,147179350.11122700,0
1623801600000,0.32826000,0.36843000,0.31102000,0.33872000,1337881418.00000000,1623887999999,456438860.38108600,889035,655922282.70000000,223819452.75779000,0
1623888000000,0.33888000,0.34960000,0.31510000,0.32518000,628022684.50000000,1623974399999,207986876.01746000,393839,317808191.60000000,105274303.98935000,0
1623974400000,0.32519000,0.32535000,0.27878000,0.28996000,427531365.10000000,1624060799999,128051877.55221600,258537,215940543.00000000,64659564.56055700,0
1624060800000,0.29015000,0.30250000,0.27949000,0.28358000,304037401.40000000,1624147199999,89025669.18487600,168566,151730936.60000000,44444025.53215400,0
1624147200000,0.28359000,0.31000000,0.26600000,0.28763000,442455762.70000000,1624233599999,127385264.17176600,256850,225474084.90000000,64888742.23823800,0
1624233600000,0.28751000,0.28971000,0.21102000,0.21429000,619258767.60000000,1624319999999,154011460.20864800,331785,311624214.90000000,77570668.54964800,0
1624320000000,0.21446000,0.25000000,0.17848000,0.22097000,1063681341.60000000,1624406399999,231233038.24535000,550932,523781646.00000000,113769304.94508300,0
1624406400000,0.22091000,0.25750000,0.21065000,0.23977000,625318009.10000000,1624492799999,150659522.48075100,353147,308578013.80000000,74385375.73481300,0
1624492800000,0.23969000,0.25900000,0.22673000,0.24987000,385856544.70000000,1624579199999,93516940.21782600,205646,196450037.90000000,47554543.39094100,0
1624579200000,0.24987000,0.26030000,0.22294000,0.22522000,438681312.00000000,1624665599999,104751587.88439500,220333,218855737.50000000,52284444.10286400,0
1624665600000,0.22526000,0.24280000,0.21557000,0.23146000,344256008.80000000,1624751999999,78582467.55185200,177338,179290529.20000000,40934894.81443200,0
1624752000000,0.23150000,0.24000000,0.22415000,0.23917000,234159065.70000000,1624838399999,54224252.27433800,121013,119230311.40000000,27618616.94842000,0
1624838400000,0.23917000,0.24772000,0.23409000,0.24313000,225642921.70000000,1624924799999,54451339.08774900,125812,110870525.30000000,26756715.23518700,0
1624924800000,0.24313000,0.26161000,0.24205000,0.25376000,293011078.70000000,1625011199999,74170204.77199100,167549,148090888.00000000,37487087.93722600,0
1625011200000,0.25378000,0.25598000,0.23425000,0.25380000,247820020.10000000,1625097599999,60778195.59389700,142564,120986927.90000000,29678925.07781900,0
1625097600000,0.25385000,0.25500000,0.23450000,0.24021000,186782772.60000000,1625183999999,45209388.69817600,108703,91352601.70000000,22112719.40577200,0
1625184000000,0.24039000,0.24312000,0.22964000,0.23782000,155550717.60000000,1625270399999,36567748.54664800,85988,78373003.50000000,18429139.42422900,0
1625270400000,0.23790000,0.24285000,0.23410000,0.24047000,114362740.90000000,1625356799999,27413710.00284200,61309,57270039.70000000,13726751.93218200,0
1625356800000,0.24045000,0.24808000,0.23650000,0.24357000,127331994.10000000,1625443199999,31077154.91597700,73215,63543822.00000000,15507861.33558600,0
1625443200000,0.24350000,0.24362000,0.22919000,0.23373000,143500346.00000000,1625529599999,33994671.27203900,81600,72415427.20000000,17159535.97164000,0
1625529600000,0.23358000,0.25100000,0.23329000,0.24256000,185471358.00000000,1625615999999,44786928.93206600,101651,93463366.50000000,22569082.74937700,0
1625616000000,0.24243000,0.28000000,0.23826000,0.25996000,622772420.70000000,1625702399999,165802168.97168900,319677,315619389.80000000,84020175.97259400,0
1625702400000,0.25994000,0.28420000,0.24243000,0.24744000,580883261.00000000,1625788799999,152555083.71828900,419068,290926534.40000000,76495330.62884400,0
1625788800000,0.24757000,0.25442000,0.23053000,0.25268000,290590611.70000000,1625875199999,70130732.59381000,202473,145101215.40000000,35032135.21094700,0
1625875200000,0.25274000,0.26631000,0.24669000,0.25555000,323456405.40000000,1625961599999,82980115.13266300,194274,159637682.40000000,40968656.41680100,0
1625961600000,0.25564000,0.26800000,0.25016000,0.25856000,219884424.00000000,1626047999999,56953239.47842000,132521,109031289.70000000,28239178.88153100,0
1626048000000,0.25857000,0.25877000,0.24132000,0.24744000,148317634.10000000,1626134399999,37139345.66661400,95228,73195709.20000000,18314941.88588000,0
1626134400000,0.24739000,0.25142000,0.23750000,0.24039000,141976005.30000000,1626220799999,34615216.00941600,89366,70042274.10000000,17085543.33545700,0
1626220800000,0.24032000,0.25449000,0.22360000,0.24823000,222050986.50000000,1626307199999,52872090.49491100,134310,110061567.10000000,26221232.77973100,0
1626307200000,0.24815000,0.28076000,0.24281000,0.25914000,816432111.20000000,1626393599999,215193279.80075600,438438,395489306.30000000,104177606.45526900,0
1626393600000,0.25896000,0.26758000,0.23582000,0.23677000,327762305.90000000,1626479999999,81193488.71718300,183549,163432921.40000000,40444862.33528700,0
1626480000000,0.23676000,0.24150000,0.23017000,0.23936000,170640995.50000000,1626566399999,40389802.20040600,103386,83436318.30000000,19747849.33784800,0
1626566400000,0.23937000,0.24829000,0.23177000,0.23683000,130102046.80000000,1626652799999,31155231.75899200,77495,67442469.00000000,16144595.99215000,0
1626652800000,0.23680000,0.24200000,0.22259000,0.22838000,167461744.60000000,1626739199999,38566660.36316600,94394,84432738.10000000,19443568.50079200,0
1626739200000,0.22850000,0.23172000,0.19862000,0.20661000,224462436.20000000,1626825599999,46741226.41751300,136793,114302118.10000000,23788064.05232500,0
1626825600000,0.20673000,0.23000000,0.20021000,0.22471000,277189715.90000000,1626911999999,61206414.30001300,149180,137469177.10000000,30341175.78138400,0
1626912000000,0.22471000,0.23570000,0.22060000,0.23043000,174823429.30000000,1626998399999,39902265.93926400,105211,86934835.70000000,19839223.64192600,0
1626998400000,0.23044000,0.24145000,0.22376000,0.23909000,180733111.40000000,1627084799999,42049862.15441800,111180,92267397.40000000,21462382.81970500,0
1627084800000,0.23909000,0.26185000,0.23560000,0.24818000,340905650.40000000,1627171199999,85855087.61464100,219277,169001056.20000000,42564456.49641100,0
1627171200000,0.24821000,0.25364000,0.23916000,0.25045000,195623043.20000000,1627257599999,48198259.27835800,122598,98426717.90000000,24244104.62020900,0
1627257600000,0.25045000,0.26746000,0.24209000,0.24745000,390867570.80000000,1627343999999,100600263.66678700,247380,194436871.90000000,50040384.80586900,0
1627344000000,0.24718000,0.25550000,0.23938000,0.25143000,199654987.30000000,1627430399999,49585404.07247400,136385,99238065.90000000,24653544.50314900,0
1627430400000,0.25148000,0.25692000,0.24502000,0.25158000,160691842.30000000,1627516799999,40276443.71296900,103419,80751790.50000000,20240187.22751700,0
1627516800000,0.25149000,0.25700000,0.24728000,0.25636000,133317704.00000000,1627603199999,33662140.65751800,85724,68878716.20000000,17393344.01165000,0
1627603200000,0.25640000,0.26701000,0.24778000,0.26501000,251389241.80000000,1627689599999,64634979.70233200,143054,122288830.60000000,31452648.78514200,0
1627689600000,0.26477000,0.26828000,0.25722000,0.26502000,131020240.00000000,1627775999999,34389831.94215400,83507,65711832.40000000,17252878.40188800,0
1627776000000,0.26528000,0.27800000,0.25751000,0.26016000,180159371.90000000,1627862399999,48217407.23878200,122978,88300756.20000000,23639245.94386100,0
1627862400000,0.26010000,0.27327000,0.25700000,0.26543000,152462806.70000000,1627948799999,40409466.03734000,99162,75377031.30000000,19985188.73511500,0
1627948800000,0.26545000,0.26839000,0.25317000,0.25733000,109501984.00000000,1628035199999,28276615.44088300,73072,53280096.00000000,13756007.51273100,0
1628035200000,0.25734000,0.26609000,0.25323000,0.26469000,116672555.80000000,1628121599999,30340806.63323500,68876,59367234.30000000,15441913.48893100,0
1628121600000,0.26456000,0.26695000,0.25512000,0.26577000,136424134.10000000,1628207999999,35747516.74273800,81323,66836821.50000000,17519656.50132600,0
1628208000000,0.26574000,0.29261000,0.26119000,0.28959000,269281332.70000000,1628294399999,74043737.23164300,180742,137046536.20000000,37693563.35903000,0
1628294400000,0.28969000,0.29927000,0.28010000,0.29297000,282439163.80000000,1628380799999,81904198.77087400,201778,141215442.00000000,40986433.04131800,0
1628380800000,0.29300000,0.29505000,0.27081000,0.27686000,238990151.60000000,1628467199999,67956384.87781000,163467,128857123.20000000,36685405.69630500,0
1628467200000,0.27693000,0.32672000,0.26504000,0.31005000,609749531.80000000,1628553599999,187910007.23731600,421475,307499513.00000000,94785307.57443700,0
1628553600000,0.31004000,0.35480000,0.30582000,0.32677000,516630787.10000000,1628639999999,170823435.63641600,371803,263063275.40000000,87009172.52042900,0
1628640000000,0.32670000,0.34836000,0.32078000,0.32781000,393992049.10000000,1628726399999,131659784.43377900,322779,194223265.90000000,64921867.11024200,0
1628726400000,0.32779000,0.37000000,0.31001000,0.36901000,656150838.30000000,1628812799999,224910812.20737500,495027,328975332.70000000,112831169.34966200,0
1628812800000,0.36959000,0.38974000,0.35792000,0.38180000,418208976.50000000,1628899199999,156141268.42116500,333080,211239059.60000000,78841399.67659300,0
1628899200000,0.38180000,0.38399000,0.35878000,0.37120000,267078705.70000000,1628985599999,99151154.03610900,232949,131589449.80000000,48868813.79143700,0
1628985600000,0.37114000,0.37558000,0.35112000,0.37025000,211184975.90000000,1629071999999,76955833.63230400,173803,101845200.90000000,37113488.73320000,0
1629072000000,0.37016000,0.38700000,0.34837000,0.35558000,264285493.50000000,1629158399999,97919189.57130000,235714,129127323.00000000,47877183.63317900,0
1629158400000,0.35558000,0.37900000,0.32895000,0.33562000,335453213.70000000,1629244799999,118984154.68878300,288182,163649342.70000000,58092453.76226700,0
1629244800000,0.33540000,0.34391000,0.31300000,0.33047000,232351135.50000000,1629331199999,77175740.68979900,201118,114632243.00000000,38093965.65685200,0
1629331200000,0.33076000,0.34605000,0.31954000,0.34506000,192329893.70000000,1629417599999,63749019.12414300,147894,96858694.80000000,32105502.42389200,0
1629417600000,0.34508000,0.35816000,0.34024000,0.35456000,197571895.80000000,1629503999999,69055055.81476900,164460,100882587.70000000,35273212.84053600,0
1629504000000,0.35446000,0.40813000,0.34604000,0.38234000,636963375.80000000,1629590399999,243480492.45048800,531268,321777238.20000000,122958202.34597500,0
1629590400000,0.38247000,0.41369000,0.36500000,0.37734000,378420557.90000000,1629676799999,146394093.50402200,336362,186863308.90000000,72337002.34592500,0
1629676800000,0.37738000,0.41500000,0.37249000,0.40683000,412635757.70000000,1629763199999,163234206.56920300,331156,210967803.60000000,83449797.97307400,0
1629763200000,0.40676000,0.40887000,0.35636000,0.36733000,344154831.90000000,1629849599999,132345850.05197400,300593,169815331.80000000,65330341.82164100,0
1629849600000,0.36734000,0.39407000,0.34807000,0.38774000,324246370.20000000,1629935999999,120950901.22251100,269677,160934578.40000000,60013423.68868900,0
1629936000000,0.38770000,0.38900000,0.35317000,0.35820000,304576795.80000000,1630022399999,111672058.79708000,280827,149067207.60000000,54668071.71337800,0
1630022400000,0.35790000,0.38050000,0.34280000,0.37830000,225910919.10000000,1630108799999,81893331.23623200,184514,113706504.40000000,41231158.36496100,0
1630108800000,0.37820000,0.38060000,0.36510000,0.36830000,131687736.80000000,1630195199999,48908460.61220000,103207,64814256.80000000,24071711.67610000,0
1630195200000,0.36840000,0.38570000,0.35800000,0.37550000,213906225.40000000,1630281599999,79918408.96677200,153607,106920122.50000000,39940304.75377200,0
1630281600000,0.37560000,0.40600000,0.36500000,0.36840000,355494226.50000000,1630367999999,137154387.05967100,263933,179277184.70000000,69202533.10087100,0
1630368000000,0.36850000,0.37740000,0.35800000,0.36580000,180319657.00000000,1630454399999,66609636.93200000,147591,88332357.00000000,32635460.02900000,0
1630454400000,0.36580000,0.38560000,0.35860000,0.38400000,190794588.00000000,1630540799999,71914617.73240000,153711,94796318.00000000,35725715.18510000,0
1630540800000,0.38400000,0.39390000,0.37650000,0.38450000,171305426.00000000,1630627199999,66049553.51740000,133746,83563395.00000000,32228173.09770000,0
1630627200000,0.38460000,0.40480000,0.37610000,0.39610000,220052463.00000000,1630713599999,86326192.33120000,162540,106957997.00000000,41972873.26280000,0
1630713600000,0.39620000,0.44500000,0.39300000,0.41660000,393375287.60000000,1630799999999,166079849.24343100,339566,196229367.20000000,82834889.91126100,0
1630800000000,0.41660000,0.43220000,0.40630000,0.42530000,192977459.00000000,1630886399999,80869043.87690000,173994,94690369.00000000,39699060.94670000,0
1630886400000,0.42540000,0.45000000,0.40220000,0.44660000,356558092.50000000,1630972799999,153571942.51008100,285264,179219571.70000000,77262972.35508100,0
1630972800000,0.44670000,0.44690000,0.27900000,0.34240000,613637293.80000000,1631059199999,227583736.53384400,522974,293222705.20000000,108736820.18577000,0
1631059200000,0.34240000,0.35100000,0.30510000,0.33710000,358148265.00000000,1631145599999,119165788.94920000,250285,180133007.00000000,59937587.67200000,0
1631145600000,0.33690000,0.35610000,0.33150000,0.34680000,262655557.00000000,1631231999999,90613195.91340000,180662,131720651.00000000,45458550.74180000,0
1631232000000,0.34670000,0.36680000,0.31800000,0.32960000,280652952.00000000,1631318399999,95891717.20950000,203581,139711216.00000000,47757550.60410000,0
1631318400000,0.32960000,0.34000000,0.32410000,0.33250000,118956352.00000000,1631404799999,39616987.78330000,85559,59628302.00000000,19854957.18320000,0
1631404800000,0.33260000,0.34430000,0.32110000,0.33790000,129817527.00000000,1631491199999,43488129.96310000,88474,63160947.00000000,21153254.43180000,0
1631491200000,0.33790000,0.34150000,0.29520000,0.32150000,159384556.00000000,1631577599999,50880493.69520000,111239,77348517.00000000,24702075.53940000,0
1631577600000,0.32160000,0.34860000,0.31810000,0.33700000,203546666.00000000,1631663999999,68271618.77450000,143247,101841577.00000000,34166618.59560000,0
1631664000000,0.33690000,0.34890000,0.33110000,0.34680000,124584910.00000000,1631750399999,42344917.02870000,85326,60887609.00000000,20701541.07650000,0
1631750400000,0.34670000,0.35290000,0.33010000,0.33740000,177717626.00000000,1631836799999,60847719.03870000,121132,88766408.00000000,30397191.91500000,0
1631836800000,0.33730000,0.34500000,0.32210000,0.32560000,122551933.00000000,1631923199999,40681380.65440000,81568,60485768.00000000,20076916.93980000,0
1631923200000,0.32560000,0.33410000,0.32240000,0.32870000,87099336.00000000,1632009599999,28680402.83490000,55328,40958678.00000000,13491155.87720000,0
1632009600000,0.32880000,0.32920000,0.31080000,0.31640000,76998458.00000000,1632095999999,24760054.57310000,56230,36714804.00000000,11805898.76520000,0
1632096000000,0.31630000,0.31680000,0.26700000,0.27140000,242617050.80000000,1632182399999,69541131.62357300,158084,115873016.70000000,33206177.57258400,0
1632182400000,0.27130000,0.28180000,0.24050000,0.25340000,236737459.40000000,1632268799999,62575012.08062800,144161,117335654.70000000,31013145.42892300,0
1632268800000,0.25350000,0.29190000,0.24890000,0.29090000,235871850.00000000,1632355199999,65059194.55680000,137938,116014243.00000000,31989261.17590000,0
1632355200000,0.29080000,0.30000000,0.28340000,0.29560000,190338248.00000000,1632441599999,55653649.22570000,113801,95870925.00000000,28036881.21550000,0
1632441600000,0.29540000,0.29800000,0.25380000,0.27170000,194580291.00000000,1632527999999,53015916.98070000,119804,95502135.00000000,26013713.86170000,0
1632528000000,0.27190000,0.27670000,0.25820000,0.26640000,128767663.00000000,1632614399999,34377246.86070000,79119,65444578.00000000,17462315.76120000,0
1632614400000,0.26640000,0.26810000,0.24740000,0.26330000,132656160.00000000,1632700799999,34451911.98200000,82235,65487881.00000000,17010598.99790000,0
1632700800000,0.26320000,0.27160000,0.25370000,0.25410000,106276366.00000000,1632787199999,28057663.78450000,66742,52392608.00000000,13833303.49180000,0
1632787200000,0.25400000,0.25910000,0.24330000,0.24430000,98736724.00000000,1632873599999,24802730.97400000,60794,49086270.00000000,12332752.36520000,0
1632873600000,0.24420000,0.26260000,0.24340000,0.24910000,107677097.00000000,1632959999999,27122313.42790000,63004,54131860.00000000,13633765.55570000,0
1632960000000,0.24900000,0.26390000,0.24830000,0.26180000,104306068.00000000,1633046399999,26840997.86730000,61413,51607015.00000000,13280287.78500000,0
1633046400000,0.26200000,0.28830000,0.25770000,0.28670000,159793006.00000000,1633132799999,43757842.54170000,95193,79066705.00000000,21649778.62340000,0
1633132800000,0.28690000,0.29550000,0.27960000,0.28340000,134798493.00000000,1633219199999,38746361.90770000,78526,67013850.00000000,19273618.47610000,0
1633219200000,0.28330000,0.29780000,0.27720000,0.28710000,128305360.00000000,1633305599999,36997951.33600000,77154,63517498.00000000,18315520.46990000,0
1633305600000,0.28700000,0.28830000,0.27210000,0.28330000,148144035.00000000,1633391999999,41652192.16210000,90970,73517342.00000000,20677518.37490000,0
1633392000000,0.28350000,0.31990000,0.28090000,0.30630000,236716355.00000000,1633478399999,70449599.37850000,153511,116795353.00000000,34778127.03090000,0
1633478400000,0.30640000,0.31190000,0.28070000,0.30290000,208445669.00000000,1633564799999,62259455.96690000,142070,102594633.00000000,30638752.90620000,0
1633564800000,0.30280000,0.38000000,0.29150000,0.35580000,662096467.20000000,1633651199999,224892087.04886200,422085,333131942.20000000,113269127.37326200,0
1633651200000,0.35580000,0.35620000,0.32610000,0.33310000,389910603.00000000,1633737599999,132524571.15190000,257208,188449782.00000000,64042625.45930000,0
1633737600000,0.33310000,0.33700000,0.32660000,0.33190000,141251338.00000000,1633823999999,46874000.89380000,95554,70978105.00000000,23559302.89730000,0
1633824000000,0.33180000,0.33210000,0.30630000,0.30820000,133810769.00000000,1633910399999,43091316.24730000,94444,64996330.00000000,20939691.91740000,0
1633910400000,0.30820000,0.32640000,0.30030000,0.30800000,142069127.00000000,1633996799999,44667082.44440000,94556,72746205.00000000,22861405.52400000,0
1633996800000,0.30810000,0.32610000,0.28620000,0.31540000,244109210.00000000,1634083199999,74237512.46810000,154147,119202127.00000000,36246240.83580000,0
1634083200000,0.31540000,0.33120000,0.30110000,0.32700000,334769975.00000000,1634169599999,106766081.07880000,209231,169505076.00000000,54059228.27220000,0
1634169600000,0.32720000,0.33610000,0.32200000,0.33140000,144723829.00000000,1634255999999,47615431.38040000,98795,70815968.00000000,23301158.23340000,0
1634256000000,0.33130000,0.33570000,0.30990000,0.32030000,221120242.00000000,1634342399999,71437142.05920000,148545,107539042.00000000,34751642.20110000,0
1634342400000,0.32040000,0.33280000,0.32020000,0.32830000,141772909.00000000,1634428799999,46195797.59630000,98153,70151240.00000000,22860050.46330000,0
1634428800000,0.32810000,0.33190000,0.30040000,0.31170000,144717459.00000000,1634515199999,46123100.35030000,93383,67468899.00000000,21516759.99880000,0
1634515200000,0.31170000,0.32550000,0.31000000,0.32080000,146682215.00000000,1634601599999,46481534.43000000,97794,72346979.00000000,22923918.62990000,0
1634601600000,0.32080000,0.32560000,0.31210000,0.31580000,101621892.00000000,1634687999999,32279543.92050000,69608,50445418.00000000,16023910.30910000,0
1634688000000,0.31580000,0.33210000,0.30910000,0.32870000,123762868.00000000,1634774399999,39708692.44950000,86379,60886206.00000000,19533814.68440000,0
1634774400000,0.32860000,0.33540000,0.31180000,0.31450000,175381799.00000000,1634860799999,56896312.47190000,120033,85370291.00000000,27701464.67790000,0
1634860800000,0.31420000,0.33490000,0.31390000,0.32410000,169372157.00000000,1634947199999,54960436.87220000,104852,80092559.00000000,25987834.45430000,0
1634947200000,0.32420000,0.33000000,0.31730000,0.32770000,79513290.00000000,1635033599999,25779327.55660000,60370,38911798.00000000,12619796.44990000,0
1635033600000,0.32770000,0.32900000,0.30940000,0.31680000,93700903.00000000,1635119999999,29959143.78050000,68228,46161939.00000000,14756937.77870000,0
1635120000000,0.31680000,0.34290000,0.31470000,0.33710000,150611583.00000000,1635206399999,49375719.11400000,104869,75695170.00000000,24808527.34270000,0
1635206400000,0.33700000,0.36690000,0.33220000,0.34010000,313916103.00000000,1635292799999,108429256.06090000,220058,155791044.00000000,53822889.24450000,0
1635292800000,0.34030000,0.36090000,0.27510000,0.30010000,429901100.00000000,1635379199999,136614865.88070000,307219,211950573.00000000,67427774.31340000,0
1635379200000,0.30010000,0.33340000,0.29480000,0.32320000,352303032.00000000,1635465599999,109582416.10580000,205789,181700235.00000000,56420613.59400000,0
1635465600000,0.32300000,0.36210000,0.31800000,0.35530000,413239823.00000000,1635551999999,142995440.96840000,270384,205652738.00000000,71199070.49670000,0
1635552000000,0.35540000,0.65610000,0.33810000,0.52480000,1851632585.50000000,1635638399999,864845141.46139900,1313749,958643865.70000000,448747491.42178900,0
1635638400000,0.52490000,0.59900000,0.39090000,0.41710000,2057154911.00000000,1635724799999,993115092.71090000,1651485,1016916324.00000000,491268126.61870000,0
1635724800000,0.41690000,0.49780000,0.40740000,0.45150000,902077375.00000000,1635811199999,402091291.29560000,707043,459004046.00000000,204691372.31510000,0
1635811200000,0.45130000,0.52470000,0.44480000,0.49640000,801545457.00000000,1635897599999,391739722.67330000,638185,403543034.00000000,197360293.57360000,0
1635897600000,0.49650000,0.50780000,0.43580000,0.45480000,440620782.00000000,1635983999999,204035500.84780000,370458,223822588.00000000,103737219.10370000,0
1635984000000,0.45470000,0.49050000,0.42120000,0.43810000,469280529.00000000,1636070399999,212083372.28320000,382764,225083633.00000000,101798319.48990000,0
1636070400000,0.43830000,0.48350000,0.43830000,0.45990000,424269296.00000000,1636156799999,195150147.57050000,365246,209582226.00000000,96442135.53490000,0
1636156800000,0.45960000,0.54000000,0.44020000,0.50610000,736240211.00000000,1636243199999,362488488.33840000,656634,368587236.00000000,181646222.55370000,0
1636243200000,0.50610000,0.52830000,0.47520000,0.48940000,349950801.00000000,1636329599999,172056721.44490000,317378,168250825.00000000,82726326.31480000,0
1636329600000,0.48950000,0.49130000,0.46080000,0.47960000,244164172.00000000,1636415999999,115494156.01250000,210755,121440314.00000000,57465982.95150000,0
1636416000000,0.47960000,0.49000000,0.46320000,0.47100000,207406793.00000000,1636502399999,98694275.63900000,180526,98534528.00000000,46907307.50020000,0
1636502400000,0.47120000,0.55140000,0.43320000,0.47840000,942689062.00000000,1636588799999,472921501.81640000,825046,469052453.00000000,235662295.82410000,0
1636588800000,0.47840000,0.52470000,0.46160000,0.51270000,471609885.00000000,1636675199999,234609966.10450000,402092,238348988.00000000,118582040.15440000,0
1636675200000,0.51270000,0.57300000,0.48960000,0.56510000,714222287.00000000,1636761599999,374601958.98170000,598182,361545060.00000000,189909908.00570000,0
1636761600000,0.56550000,0.59600000,0.52620000,0.53690000,590768243.00000000,1636847999999,330547602.54600000,538933,293680623.00000000,164361135.68280000,0
1636848000000,0.53680000,0.56100000,0.52290000,0.55260000,288930408.00000000,1636934399999,156164194.47460000,247175,144436888.00000000,78091020.89210000,0
1636934400000,0.55260000,0.58600000,0.52800000,0.53520000,336003398.00000000,1637020799999,187906170.83660000,308165,171371573.00000000,95887548.37780000,0
1637020800000,0.53540000,0.53540000,0.44860000,0.48910000,525158579.00000000,1637107199999,258499086.54180000,433968,260028948.00000000,128040901.38680000,0
1637107200000,0.48940000,0.51580000,0.47000000,0.49620000,252264700.00000000,1637193599999,124002926.91850000,221959,126794334.00000000,62376910.38680000,0
1637193600000,0.49620000,0.49750000,0.41380000,0.42980000,368887407.00000000,1637279999999,167294145.46750000,277939,181620617.00000000,82378953.15560000,0
1637280000000,0.43000000,0.47500000,0.42150000,0.46210000,206598140.00000000,1637366399999,93221949.75990000,182646,103838313.00000000,46885623.35410000,0
1637366400000,0.46220000,0.48570000,0.44860000,0.46960000,199659718.00000000,1637452799999,93171251.08450000,170247,98719613.00000000,46070991.90790000,0
1637452800000,0.46970000,0.47050000,0.44070000,0.44180000,153190213.00000000,1637539199999,69474904.02170000,142047,73608774.00000000,33390158.10630000,0
1637539200000,0.44200000,0.44790000,0.41850000,0.43360000,171909177.00000000,1637625599999,74574006.65600000,153358,85643750.00000000,37147917.68260000,0
1637625600000,0.43370000,0.45430000,0.42120000,0.43490000,218004840.00000000,1637711999999,94527430.68370000,197813,107565119.00000000,46638675.86390000,0
1637712000000,0.43480000,0.49040000,0.41980000,0.48820000,409363003.00000000,1637798399999,185424859.84870000,374704,206647374.00000000,93685935.34540000,0
1637798400000,0.48840000,0.52980000,0.46960000,0.50340000,505218761.00000000,1637884799999,253718975.82510000,542098,249310310.00000000,125316086.68910000,0
1637884800000,0.50340000,0.50570000,0.42200000,0.44480000,334244921.00000000,1637971199999,150514445.98510000,311628,167353077.00000000,75300570.98550000,0
1637971200000,0.44460000,0.46680000,0.43190000,0.44630000,146191817.00000000,1638057599999,65907779.97390000,141191,74498132.00000000,33576201.17380000,0
1638057600000,0.44640000,0.44650000,0.39100000,0.44460000,202956950.00000000,1638143999999,86268757.84320000,171582,100837045.00000000,42901603.62920000,0
1638144000000,0.44440000,0.47550000,0.43100000,0.45940000,243936675.00000000,1638230399999,111746273.90830000,242188,120812263.00000000,55370464.44910000,0
1638230400000,0.45920000,0.46320000,0.43520000,0.43850000,178973683.00000000,1638316799999,80364260.49070000,159445,85728744.00000000,38494584.18200000,0
1638316800000,0.43850000,0.45390000,0.42670000,0.43570000,126097123.00000000,1638403199999,55601796.47070000,128288,63360507.00000000,27943928.14890000,0
1638403200000,0.43570000,0.43570000,0.41090000,0.42240000,105909985.00000000,1638489599999,44595524.69670000,99731,51294819.00000000,21602544.98500000,0
1638489600000,0.42240000,0.42860000,0.37900000,0.39430000,155035006.00000000,1638575999999,63374663.27650000,157102,74142877.00000000,30339978.65910000,0
1638576000000,0.39410000,0.40000000,0.23932000,0.33880000,517402990.00000000,1638662399999,164280751.56761200,434209,252827195.00000000,80263429.08720000,0
1638662400000,0.33860000,0.35630000,0.30130000,0.31830000,279385909.00000000,1638748799999,90880890.96640000,204836,139678881.00000000,45435952.91160000,0
1638748800000,0.31840000,0.32430000,0.27940000,0.32070000,279543259.00000000,1638835199999,83874484.04600000,189347,142264053.00000000,42694009.53020000,0
